.data:00403182 tbl             dw 0, 0, 0, 0, 0, 0, 0, 0, 0, 0, 0, 0, 0, 0, 0, 0, 0, 0
.data:00403182                                         ; DATA XREF: check+24r
.data:00403182                 dw 0, 2, 3, 4, 5, 6, 7, 8, 9, 10, 11, 12, 13, 14, 0, 0
.data:00403182                 dw 0, 0, 0, 0, 0, 0, 0, 0, 0, 0, 0, 0, 0, 0, 0, 0, 0, 15
.data:00403182                 dw 16, 17, 18, 0, 0, 0, 0, 0, 0, 0, 0, 0, 0, 0, 0, 0, 0
.data:00403182                 dw 0, 19, 20, 21, 22, 0, 0, 0, 0, 0, 0, 0, 0, 0, 0, 0
.data:00403182                 dw 0, 0, 0, 0, 23, 24, 25, 26, 0, 0, 0, 0, 0, 0, 0, 0
.data:00403182                 dw 0, 0, 0, 0, 0, 0, 0, 27, 28, 29, 30, 0, 0, 0, 0, 0
.data:00403182                 dw 0, 0, 0, 0, 0, 0, 0, 0, 0, 0, 31, 32, 33, 34, 0, 0
.data:00403182                 dw 0, 0, 0, 0, 0, 0, 0, 0, 0, 0, 0, 0, 0, 35, 36, 37, 38
.data:00403182                 dw 0, 0, 0, 0, 0, 0, 0, 0, 0, 0, 0, 0, 0, 0, 0, 39, 40
.data:00403182                 dw 41, 42, 0, 0, 0, 0, 0, 0, 0, 0, 0, 0, 0, 0, 0, 0, 0
.data:00403182                 dw 43, 44, 45, 46, 0, 0, 0, 0, 0, 0, 0, 0, 0, 0, 0, 0
.data:00403182                 dw 0, 0, 0, 47, 48, 49, 50, 0, 0, 0, 0, 0, 0, 0, 0, 0
.data:00403182                 dw 0, 0, 0, 0, 0, 0, 51, 52, 53, 54, 0, 0, 0, 0, 0, 0
.data:00403182                 dw 0, 0, 0, 0, 0, 0, 0, 0, 0, 55, 56, 57, 58, 0, 0, 0
.data:00403182                 dw 0, 0, 0, 0, 0, 0, 0, 0, 0, 0, 0, 0, 59, 60, 61, 62
.data:00403182                 dw 0, 0, 0, 0, 0, 0, 0, 0, 0, 0, 0, 0, 0, 0, 0, 63, 64
.data:00403182                 dw 65, 66, 0, 0, 0, 0, 0, 0, 0, 0, 0, 0, 0, 0, 0, 0, 0
.data:00403182                 dw 0, 0, 0, 0, 67, 0, 0, 0, 0, 0, 0, 0, 0, 0, 0, 0, 0
.data:00403182                 dw 0, 0, 0, 0, 0, 0, 67, 0, 0, 0, 0, 0, 0, 0, 0, 0, 0
.data:00403182                 dw 0, 0, 0, 0, 0, 0, 0, 0, 67, 0, 0, 0, 0, 0, 0, 0, 0
.data:00403182                 dw 0, 0, 0, 0, 0, 0, 0, 0, 0, 0, 67, 0, 0, 0, 0, 0, 0
.data:00403182                 dw 0, 0, 0, 0, 0, 0, 0, 0, 0, 0, 0, 0, 67, 0, 0, 0, 0
.data:00403182                 dw 0, 0, 0, 0, 0, 0, 0, 0, 0, 0, 0, 0, 0, 0, 67, 0, 0
.data:00403182                 dw 0, 0, 0, 0, 0, 0, 0, 0, 0, 0, 0, 0, 0, 0, 0, 0, 67
.data:00403182                 dw 0, 0, 0, 0, 0, 0, 0, 0, 0, 0, 0, 0, 0, 0, 0, 0, 0, 0
.data:00403182                 dw 67, 0, 0, 0, 0, 0, 0, 0, 0, 0, 0, 0, 0, 0, 0, 0, 0
.data:00403182                 dw 0, 0, 67, 0, 0, 0, 0, 0, 0, 0, 0, 0, 0, 0, 0, 0, 0
.data:00403182                 dw 0, 0, 0, 0, 67, 0, 0, 0, 0, 0, 0, 0, 0, 0, 0, 0, 0
.data:00403182                 dw 0, 0, 0, 0, 0, 0, 67, 0, 0, 0, 0, 0, 0, 0, 0, 0, 0
.data:00403182                 dw 0, 0, 0, 0, 0, 0, 0, 0, 67, 0, 0, 0, 0, 0, 0, 0, 0
.data:00403182                 dw 0, 0, 0, 0, 0, 0, 0, 0, 0, 0, 67, 0, 0, 0, 0, 0, 0
.data:00403182                 dw 0, 0, 0, 0, 0, 0, 0, 0, 0, 0, 0, 0, 67, 0, 0, 0, 0
.data:00403182                 dw 0, 0, 0, 0, 0, 0, 0, 0, 0, 0, 0, 0, 0, 0, 67, 0, 0
.data:00403182                 dw 0, 0, 0, 0, 0, 0, 0, 0, 0, 0, 0, 0, 0, 0, 0, 0, 67
.data:00403182                 dw 0, 0, 0, 0, 0, 0, 0, 0, 0, 0, 0, 0, 0, 0, 0, 0, 0, 0
.data:00403182                 dw 67, 0, 0, 0, 0, 0, 0, 0, 0, 0, 0, 0, 0, 0, 0, 0, 0
.data:00403182                 dw 0, 0, 67, 0, 0, 0, 0, 0, 0, 0, 0, 0, 0, 0, 0, 0, 0
.data:00403182                 dw 0, 0, 0, 0, 67, 0, 0, 0, 0, 0, 0, 0, 0, 0, 0, 0, 0
.data:00403182                 dw 0, 0, 0, 0, 0, 0, 67, 0, 0, 0, 0, 0, 0, 0, 0, 0, 0
.data:00403182                 dw 0, 0, 0, 0, 0, 0, 0, 0, 67, 0, 0, 0, 0, 0, 0, 0, 0
.data:00403182                 dw 0, 0, 0, 0, 0, 0, 0, 0, 0, 0, 67, 0, 0, 0, 0, 0, 0
.data:00403182                 dw 0, 0, 0, 0, 0, 0, 0, 0, 0, 0, 0, 0, 67, 0, 0, 0, 0
.data:00403182                 dw 0, 0, 0, 0, 0, 0, 0, 0, 0, 0, 0, 0, 0, 0, 67, 0, 0
.data:00403182                 dw 0, 0, 0, 0, 0, 0, 0, 0, 0, 0, 0, 0, 0, 0, 0, 0, 67
.data:00403182                 dw 0, 0, 0, 0, 0, 0, 0, 0, 0, 0, 0, 0, 0, 0, 0, 0, 0, 0
.data:00403182                 dw 67, 0, 0, 0, 0, 0, 0, 0, 0, 0, 0, 0, 0, 0, 0, 0, 0
.data:00403182                 dw 0, 0, 67, 0, 0, 0, 0, 0, 0, 0, 0, 0, 0, 0, 0, 0, 0
.data:00403182                 dw 0, 0, 0, 0, 67, 0, 0, 0, 0, 0, 0, 0, 0, 0, 0, 0, 0
.data:00403182                 dw 0, 0, 0, 0, 0, 0, 67, 0, 0, 0, 0, 0, 0, 0, 0, 0, 0
.data:00403182                 dw 0, 0, 0, 0, 0, 0, 0, 0, 67, 0, 0, 0, 0, 0, 0, 0, 0
.data:00403182                 dw 0, 0, 0, 0, 0, 0, 0, 0, 0, 0, 67, 0, 0, 0, 0, 0, 0
.data:00403182                 dw 0, 0, 0, 0, 0, 0, 0, 0, 0, 0, 0, 0, 67, 0, 0, 0, 0
.data:00403182                 dw 0, 0, 0, 0, 0, 0, 0, 0, 0, 0, 0, 0, 0, 0, 67, 0, 0
.data:00403182                 dw 0, 0, 0, 0, 0, 0, 0, 0, 0, 0, 0, 0, 0, 0, 0, 0, 67
.data:00403182                 dw 0, 0, 0, 0, 0, 0, 0, 0, 0, 0, 0, 0, 0, 0, 0, 0, 0, 0
.data:00403182                 dw 67, 0, 0, 0, 0, 0, 0, 0, 0, 0, 0, 0, 0, 0, 0, 0, 0
.data:00403182                 dw 0, 0, 67, 0, 0, 0, 0, 0, 0, 0, 0, 0, 0, 0, 0, 0, 0
.data:00403182                 dw 0, 0, 0, 0, 67, 0, 0, 0, 0, 0, 0, 0, 0, 0, 0, 0, 0
.data:00403182                 dw 0, 0, 0, 0, 0, 0, 67, 0, 0, 0, 0, 0, 0, 0, 0, 0, 0
.data:00403182                 dw 0, 0, 0, 0, 0, 0, 0, 0, 67, 0, 0, 0, 0, 0, 0, 0, 0
.data:00403182                 dw 0, 0, 0, 0, 0, 0, 0, 0, 0, 0, 67, 0, 0, 0, 0, 0, 0
.data:00403182                 dw 0, 0, 0, 0, 0, 0, 0, 0, 0, 0, 0, 0, 67, 0, 0, 0, 0
.data:00403182                 dw 0, 0, 0, 0, 0, 0, 0, 0, 0, 0, 0, 0, 0, 0, 67, 0, 0
.data:00403182                 dw 0, 0, 0, 0, 0, 0, 0, 0, 0, 0, 0, 0, 0, 0, 0, 0, 67
.data:00403182                 dw 0, 0, 0, 0, 0, 0, 0, 0, 0, 0, 0, 0, 0, 0, 0, 0, 0, 0
.data:00403182                 dw 67, 0, 0, 0, 0, 0, 0, 0, 0, 0, 0, 0, 0, 0, 0, 0, 0
.data:00403182                 dw 0, 0, 67, 0, 0, 0, 0, 0, 0, 0, 0, 0, 0, 0, 0, 0, 0
.data:00403182                 dw 0, 0, 0, 0, 67, 0, 0, 0, 0, 0, 0, 0, 0, 0, 0, 0, 0
.data:00403182                 dw 0, 0, 0, 0, 0, 0, 67, 0, 0, 0, 0, 0, 0, 0, 0, 0, 0
.data:00403182                 dw 0, 0, 0, 0, 0, 0, 0, 0, 67, 0, 0, 0, 0, 0, 0, 0, 0
.data:00403182                 dw 0, 0, 0, 0, 0, 0, 0, 0, 0, 0, 67, 0, 0, 0, 0, 0, 0
.data:00403182                 dw 0, 0, 0, 0, 0, 0, 0, 0, 0, 0, 0, 0, 67, 0, 0, 0, 0
.data:00403182                 dw 0, 0, 0, 0, 0, 0, 0, 0, 0, 0, 0, 0, 0, 0, 67, 0, 0
.data:00403182                 dw 0, 0, 0, 0, 0, 0, 0, 0, 0, 0, 0, 0, 0, 0, 0, 0, 67
.data:00403182                 dw 0, 68, 69, 70, 71, 72, 73, 74, 75, 76, 77, 78, 79, 80
.data:00403182                 dw 0, 0, 0, 0, 0, 0, 0, 0, 0, 0, 0, 0, 0, 0, 0, 0, 0, 0
.data:00403182                 dw 0, 81, 82, 83, 84, 0, 0, 0, 0, 0, 0, 0, 0, 0, 0, 0
.data:00403182                 dw 0, 0, 0, 0, 85, 86, 87, 88, 0, 0, 0, 0, 0, 0, 0, 0
.data:00403182                 dw 0, 0, 0, 0, 0, 0, 0, 89, 90, 91, 92, 0, 0, 0, 0, 0
.data:00403182                 dw 0, 0, 0, 0, 0, 0, 0, 0, 0, 0, 93, 94, 95, 96, 0, 0
.data:00403182                 dw 0, 0, 0, 0, 0, 0, 0, 0, 0, 0, 0, 0, 0, 97, 98, 99, 100
.data:00403182                 dw 0, 0, 0, 0, 0, 0, 0, 0, 0, 0, 0, 0, 0, 0, 0, 101, 102
.data:00403182                 dw 103, 104, 0, 0, 0, 0, 0, 0, 0, 0, 0, 0, 0, 0, 0, 0
.data:00403182                 dw 0, 105, 106, 107, 108, 0, 0, 0, 0, 0, 0, 0, 0, 0, 0
.data:00403182                 dw 0, 0, 0, 0, 0, 109, 110, 111, 112, 0, 0, 0, 0, 0, 0
.data:00403182                 dw 0, 0, 0, 0, 0, 0, 0, 0, 0, 113, 114, 115, 116, 0, 0
.data:00403182                 dw 0, 0, 0, 0, 0, 0, 0, 0, 0, 0, 0, 0, 0, 117, 118, 119
.data:00403182                 dw 120, 0, 0, 0, 0, 0, 0, 0, 0, 0, 0, 0, 0, 0, 0, 0, 121
.data:00403182                 dw 122, 123, 124, 0, 0, 0, 0, 0, 0, 0, 0, 0, 0, 0, 0, 0
.data:00403182                 dw 0, 0, 125, 126, 127, 128, 0, 0, 0, 0, 0, 0, 0, 0, 0
.data:00403182                 dw 0, 0, 0, 0, 0, 0, 129, 130, 131, 132, 0, 0, 133, 134
.data:00403182                 dw 135, 136, 137, 138, 139, 140, 141, 142, 143, 144, 145
.data:00403182                 dw 0, 0, 0, 0, 0, 0, 133, 134, 135, 136, 137, 138, 139
.data:00403182                 dw 140, 141, 142, 143, 144, 145, 0, 0, 0, 0, 0, 0, 133
.data:00403182                 dw 134, 135, 136, 137, 138, 139, 140, 141, 142, 143, 144
.data:00403182                 dw 145, 0, 0, 0, 0, 0, 0, 133, 134, 135, 136, 137, 138
.data:00403182                 dw 139, 140, 141, 142, 143, 144, 145, 0, 0, 0, 0, 0, 0
.data:00403182                 dw 133, 134, 135, 136, 137, 138, 139, 140, 141, 142, 143
.data:00403182                 dw 144, 145, 0, 0, 0, 0, 0, 0, 133, 134, 135, 136, 137
.data:00403182                 dw 138, 139, 140, 141, 142, 143, 144, 145, 0, 0, 0, 0
.data:00403182                 dw 0, 0, 133, 134, 135, 136, 137, 138, 139, 140, 141, 142
.data:00403182                 dw 143, 144, 145, 0, 0, 0, 0, 0, 0, 133, 134, 135, 136
.data:00403182                 dw 137, 138, 139, 140, 141, 142, 143, 144, 145, 0, 0, 0
.data:00403182                 dw 0, 0, 0, 133, 134, 135, 136, 137, 138, 139, 140, 141
.data:00403182                 dw 142, 143, 144, 145, 0, 0, 0, 0, 0, 0, 133, 134, 135
.data:00403182                 dw 136, 137, 138, 139, 140, 141, 142, 143, 144, 145, 0
.data:00403182                 dw 0, 0, 0, 0, 0, 133, 134, 135, 136, 137, 138, 139, 140
.data:00403182                 dw 141, 142, 143, 144, 145, 0, 0, 0, 0, 0, 0, 133, 134
.data:00403182                 dw 135, 136, 137, 138, 139, 140, 141, 142, 143, 144, 145
.data:00403182                 dw 0, 0, 0, 0, 0, 0, 133, 134, 135, 136, 137, 138, 139
.data:00403182                 dw 140, 141, 142, 143, 144, 145, 0, 0, 0, 0, 0, 0, 133
.data:00403182                 dw 134, 135, 136, 137, 138, 139, 140, 141, 142, 143, 144
.data:00403182                 dw 145, 0, 0, 0, 0, 0, 0, 133, 134, 135, 136, 137, 138
.data:00403182                 dw 139, 140, 141, 142, 143, 144, 145, 0, 0, 0, 0, 0, 0
.data:00403182                 dw 133, 134, 135, 136, 137, 138, 139, 140, 141, 142, 143
.data:00403182                 dw 144, 145, 0, 0, 0, 0, 0, 0, 133, 134, 135, 136, 137
.data:00403182                 dw 138, 139, 140, 141, 142, 143, 144, 145, 0, 0, 0, 0
.data:00403182                 dw 0, 0, 133, 134, 135, 136, 137, 138, 139, 140, 141, 142
.data:00403182                 dw 143, 144, 145, 0, 0, 0, 0, 0, 0, 133, 134, 135, 136
.data:00403182                 dw 137, 138, 139, 140, 141, 142, 143, 144, 145, 0, 0, 0
.data:00403182                 dw 0, 0, 0, 133, 134, 135, 136, 137, 138, 139, 140, 141
.data:00403182                 dw 142, 143, 144, 145, 0, 0, 0, 0, 0, 0, 133, 134, 135
.data:00403182                 dw 136, 137, 138, 139, 140, 141, 142, 143, 144, 145, 0
.data:00403182                 dw 0, 0, 0, 0, 0, 133, 134, 135, 136, 137, 138, 139, 140
.data:00403182                 dw 141, 142, 143, 144, 145, 0, 0, 0, 0, 0, 0, 133, 134
.data:00403182                 dw 135, 136, 137, 138, 139, 140, 141, 142, 143, 144, 145
.data:00403182                 dw 0, 0, 0, 0, 0, 0, 133, 134, 135, 136, 137, 138, 139
.data:00403182                 dw 140, 141, 142, 143, 144, 145, 0, 0, 0, 0, 0, 0, 133
.data:00403182                 dw 134, 135, 136, 137, 138, 139, 140, 141, 142, 143, 144
.data:00403182                 dw 145, 0, 0, 0, 0, 0, 0, 133, 134, 135, 136, 137, 138
.data:00403182                 dw 139, 140, 141, 142, 143, 144, 145, 0, 0, 0, 0, 0, 0
.data:00403182                 dw 133, 134, 135, 136, 137, 138, 139, 140, 141, 142, 143
.data:00403182                 dw 144, 145, 0, 0, 0, 0, 0, 0, 133, 134, 135, 136, 137
.data:00403182                 dw 138, 139, 140, 141, 142, 143, 144, 145, 0, 0, 0, 0
.data:00403182                 dw 0, 0, 133, 134, 135, 136, 137, 138, 139, 140, 141, 142
.data:00403182                 dw 143, 144, 145, 0, 0, 0, 0, 0, 0, 133, 134, 135, 136
.data:00403182                 dw 137, 138, 139, 140, 141, 142, 143, 144, 145, 0, 0, 0
.data:00403182                 dw 0, 0, 0, 133, 134, 135, 136, 137, 138, 139, 140, 141
.data:00403182                 dw 142, 143, 144, 145, 0, 0, 0, 0, 0, 0, 133, 134, 135
.data:00403182                 dw 136, 137, 138, 139, 140, 141, 142, 143, 144, 145, 0
.data:00403182                 dw 0, 0, 0, 0, 0, 133, 134, 135, 136, 137, 138, 139, 140
.data:00403182                 dw 141, 142, 143, 144, 145, 0, 0, 0, 0, 0, 0, 133, 134
.data:00403182                 dw 135, 136, 137, 138, 139, 140, 141, 142, 143, 144, 145
.data:00403182                 dw 0, 0, 0, 0, 0, 0, 133, 134, 135, 136, 137, 138, 139
.data:00403182                 dw 140, 141, 142, 143, 144, 145, 0, 0, 0, 0, 0, 0, 133
.data:00403182                 dw 134, 135, 136, 137, 138, 139, 140, 141, 142, 143, 144
.data:00403182                 dw 145, 0, 0, 0, 0, 0, 0, 133, 134, 135, 136, 137, 138
.data:00403182                 dw 139, 140, 141, 142, 143, 144, 145, 0, 0, 0, 0, 0, 0
.data:00403182                 dw 133, 134, 135, 136, 137, 138, 139, 140, 141, 142, 143
.data:00403182                 dw 144, 145, 0, 0, 0, 0, 0, 0, 133, 134, 135, 136, 137
.data:00403182                 dw 138, 139, 140, 141, 142, 143, 144, 145, 0, 0, 0, 0
.data:00403182                 dw 0, 0, 133, 134, 135, 136, 137, 138, 139, 140, 141, 142
.data:00403182                 dw 143, 144, 145, 0, 0, 0, 0, 0, 0, 133, 134, 135, 136
.data:00403182                 dw 137, 138, 139, 140, 141, 142, 143, 144, 145, 0, 0, 0
.data:00403182                 dw 0, 0, 0, 133, 134, 135, 136, 137, 138, 139, 140, 141
.data:00403182                 dw 142, 143, 144, 145, 0, 0, 0, 0, 0, 0, 133, 134, 135
.data:00403182                 dw 136, 137, 138, 139, 140, 141, 142, 143, 144, 145, 0
.data:00403182                 dw 0, 0, 0, 0, 0, 133, 134, 135, 136, 137, 138, 139, 140
.data:00403182                 dw 141, 142, 143, 144, 145, 0, 0, 0, 0, 0, 0, 133, 134
.data:00403182                 dw 135, 136, 137, 138, 139, 140, 141, 142, 143, 144, 145
.data:00403182                 dw 0, 0, 0, 0, 0, 0, 133, 134, 135, 136, 137, 138, 139
.data:00403182                 dw 140, 141, 142, 143, 144, 145, 0, 0, 0, 0, 0, 0, 133
.data:00403182                 dw 134, 135, 136, 137, 138, 139, 140, 141, 142, 143, 144
.data:00403182                 dw 145, 0, 0, 0, 0, 0, 0, 133, 134, 135, 136, 137, 138
.data:00403182                 dw 139, 140, 141, 142, 143, 144, 145, 0, 0, 0, 0, 0, 0
.data:00403182                 dw 133, 134, 135, 136, 137, 138, 139, 140, 141, 142, 143
.data:00403182                 dw 144, 145, 0, 0, 0, 0, 0, 0, 133, 134, 135, 136, 137
.data:00403182                 dw 138, 139, 140, 141, 142, 143, 144, 145, 0, 0, 0, 0
.data:00403182                 dw 0, 0, 133, 134, 135, 136, 137, 138, 139, 140, 141, 142
.data:00403182                 dw 143, 144, 145, 0, 0, 0, 0, 0, 0, 133, 134, 135, 136
.data:00403182                 dw 137, 138, 139, 140, 141, 142, 143, 144, 145, 0, 0, 0
.data:00403182                 dw 0, 0, 0, 0, 0, 0, 0, 0, 0, 0, 0, 0, 0, 0, 0, 0, 146
.data:00403182                 dw 147, 148, 149, 0, 0, 0, 0, 0, 0, 0, 0, 0, 0, 0, 0, 0
.data:00403182                 dw 0, 0, 150, 151, 152, 153, 0, 0, 0, 0, 0, 0, 0, 0, 0
.data:00403182                 dw 0, 0, 0, 0, 0, 0, 154, 155, 156, 157, 0, 0, 0, 0, 0
.data:00403182                 dw 0, 0, 0, 0, 0, 0, 0, 0, 0, 0, 158, 159, 160, 161, 0
.data:00403182                 dw 0, 0, 0, 0, 0, 0, 0, 0, 0, 0, 0, 0, 0, 0, 162, 163
.data:00403182                 dw 164, 165, 0, 0, 0, 0, 0, 0, 0, 0, 0, 0, 0, 0, 0, 0
.data:00403182                 dw 0, 166, 167, 168, 169, 0, 0, 0, 0, 0, 0, 0, 0, 0, 0
.data:00403182                 dw 0, 0, 0, 0, 0, 170, 171, 172, 173, 0, 0, 0, 0, 0, 0
.data:00403182                 dw 0, 0, 0, 0, 0, 0, 0, 0, 0, 174, 175, 176, 177, 0, 0
.data:00403182                 dw 0, 0, 0, 0, 0, 0, 0, 0, 0, 0, 0, 0, 0, 178, 179, 180
.data:00403182                 dw 181, 0, 0, 0, 0, 0, 0, 0, 0, 0, 0, 0, 0, 0, 0, 0, 182
.data:00403182                 dw 183, 184, 185, 0, 0, 0, 0, 0, 0, 0, 0, 0, 0, 0, 0, 0
.data:00403182                 dw 0, 0, 186, 187, 188, 189, 0, 0, 0, 0, 0, 0, 0, 0, 0
.data:00403182                 dw 0, 0, 0, 0, 0, 0, 190, 191, 192, 193, 0, 0, 0, 0, 0
.data:00403182                 dw 0, 0, 0, 0, 0, 0, 0, 0, 0, 0, 194, 195, 196, 197, 0
.data:00403182                 dw 0, 0, 0, 0, 0, 0, 0, 0, 0, 0, 0, 0, 0, 0, 0, 0, 0, 0
.data:00403182                 dw 198, 0, 0, 0, 0, 0, 0, 0, 0, 0, 0, 0, 0, 0, 0, 0, 0
.data:00403182                 dw 0, 0, 198, 0, 0, 0, 0, 0, 0, 0, 0, 0, 0, 0, 0, 0, 0
.data:00403182                 dw 0, 0, 0, 0, 198, 0, 0, 0, 0, 0, 0, 0, 0, 0, 0, 0, 0
.data:00403182                 dw 0, 0, 0, 0, 0, 0, 198, 0, 0, 0, 0, 0, 0, 0, 0, 0, 0
.data:00403182                 dw 0, 0, 0, 0, 0, 0, 0, 0, 198, 0, 0, 0, 0, 0, 0, 0, 0
.data:00403182                 dw 0, 0, 0, 0, 0, 0, 0, 0, 0, 0, 198, 0, 0, 0, 0, 0, 0
.data:00403182                 dw 0, 0, 0, 0, 0, 0, 0, 0, 0, 0, 0, 0, 198, 0, 0, 0, 0
.data:00403182                 dw 0, 0, 0, 0, 0, 0, 0, 0, 0, 0, 0, 0, 0, 0, 198, 0, 0
.data:00403182                 dw 0, 0, 0, 0, 0, 0, 0, 0, 0, 0, 0, 0, 0, 0, 0, 0, 198
.data:00403182                 dw 0, 0, 0, 0, 0, 0, 0, 0, 0, 0, 0, 0, 0, 0, 0, 0, 0, 0
.data:00403182                 dw 198, 0, 0, 0, 0, 0, 0, 0, 0, 0, 0, 0, 0, 0, 0, 0, 0
.data:00403182                 dw 0, 0, 198, 0, 0, 0, 0, 0, 0, 0, 0, 0, 0, 0, 0, 0, 0
.data:00403182                 dw 0, 0, 0, 0, 198, 0, 0, 0, 0, 0, 0, 0, 0, 0, 0, 0, 0
.data:00403182                 dw 0, 0, 0, 0, 0, 0, 198, 0, 0, 0, 0, 0, 0, 0, 0, 0, 0
.data:00403182                 dw 0, 0, 0, 0, 0, 0, 0, 0, 198, 0, 0, 0, 0, 0, 0, 0, 0
.data:00403182                 dw 0, 0, 0, 0, 0, 0, 0, 0, 0, 0, 198, 0, 0, 0, 0, 0, 0
.data:00403182                 dw 0, 0, 0, 0, 0, 0, 0, 0, 0, 0, 0, 0, 198, 0, 0, 0, 0
.data:00403182                 dw 0, 0, 0, 0, 0, 0, 0, 0, 0, 0, 0, 0, 0, 0, 198, 0, 0
.data:00403182                 dw 0, 0, 0, 0, 0, 0, 0, 0, 0, 0, 0, 0, 0, 0, 0, 0, 198
.data:00403182                 dw 0, 0, 0, 0, 0, 0, 0, 0, 0, 0, 0, 0, 0, 0, 0, 0, 0, 0
.data:00403182                 dw 198, 0, 0, 0, 0, 0, 0, 0, 0, 0, 0, 0, 0, 0, 0, 0, 0
.data:00403182                 dw 0, 0, 198, 0, 0, 0, 0, 0, 0, 0, 0, 0, 0, 0, 0, 0, 0
.data:00403182                 dw 0, 0, 0, 0, 198, 0, 0, 0, 0, 0, 0, 0, 0, 0, 0, 0, 0
.data:00403182                 dw 0, 0, 0, 0, 0, 0, 198, 0, 0, 0, 0, 0, 0, 0, 0, 0, 0
.data:00403182                 dw 0, 0, 0, 0, 0, 0, 0, 0, 198, 0, 0, 0, 0, 0, 0, 0, 0
.data:00403182                 dw 0, 0, 0, 0, 0, 0, 0, 0, 0, 0, 198, 0, 0, 0, 0, 0, 0
.data:00403182                 dw 0, 0, 0, 0, 0, 0, 0, 0, 0, 0, 0, 0, 198, 0, 0, 0, 0
.data:00403182                 dw 0, 0, 0, 0, 0, 0, 0, 0, 0, 0, 0, 0, 0, 0, 198, 0, 0
.data:00403182                 dw 0, 0, 0, 0, 0, 0, 0, 0, 0, 0, 0, 0, 0, 0, 0, 0, 198
.data:00403182                 dw 0, 0, 0, 0, 0, 0, 0, 0, 0, 0, 0, 0, 0, 0, 0, 0, 0, 0
.data:00403182                 dw 198, 0, 0, 0, 0, 0, 0, 0, 0, 0, 0, 0, 0, 0, 0, 0, 0
.data:00403182                 dw 0, 0, 198, 0, 0, 0, 0, 0, 0, 0, 0, 0, 0, 0, 0, 0, 0
.data:00403182                 dw 0, 0, 0, 0, 198, 0, 0, 0, 0, 0, 0, 0, 0, 0, 0, 0, 0
.data:00403182                 dw 0, 0, 0, 0, 0, 0, 198, 0, 0, 0, 0, 0, 0, 0, 0, 0, 0
.data:00403182                 dw 0, 0, 0, 0, 0, 0, 0, 0, 198, 0, 0, 0, 0, 0, 0, 0, 0
.data:00403182                 dw 0, 0, 0, 0, 0, 0, 0, 0, 0, 0, 198, 0, 0, 0, 0, 0, 0
.data:00403182                 dw 0, 0, 0, 0, 0, 0, 0, 0, 0, 0, 0, 0, 198, 0, 0, 0, 0
.data:00403182                 dw 0, 0, 0, 0, 0, 0, 0, 0, 0, 0, 0, 0, 0, 0, 198, 0, 0
.data:00403182                 dw 0, 0, 0, 0, 0, 0, 0, 0, 0, 0, 0, 0, 0, 0, 0, 0, 198
.data:00403182                 dw 0, 0, 0, 0, 0, 0, 0, 0, 0, 0, 0, 0, 0, 0, 0, 0, 0, 0
.data:00403182                 dw 198, 0, 0, 0, 0, 0, 0, 0, 0, 0, 0, 0, 0, 0, 0, 0, 0
.data:00403182                 dw 0, 0, 198, 0, 0, 0, 0, 0, 0, 0, 0, 0, 0, 0, 0, 0, 0
.data:00403182                 dw 0, 0, 0, 0, 198, 0, 0, 0, 0, 0, 0, 0, 0, 0, 0, 0, 0
.data:00403182                 dw 0, 0, 0, 0, 0, 0, 198, 0, 0, 0, 0, 0, 0, 0, 0, 0, 0
.data:00403182                 dw 0, 0, 0, 0, 0, 0, 0, 0, 198, 0, 0, 0, 0, 0, 0, 0, 0
.data:00403182                 dw 0, 0, 0, 0, 0, 0, 0, 0, 0, 0, 198, 0, 0, 0, 0, 0, 0
.data:00403182                 dw 0, 0, 0, 0, 0, 0, 0, 0, 0, 0, 0, 0, 198, 0, 0, 0, 0
.data:00403182                 dw 0, 0, 0, 0, 0, 0, 0, 0, 0, 0, 0, 0, 0, 0, 198, 0, 0
.data:00403182                 dw 0, 0, 0, 0, 0, 0, 0, 0, 0, 0, 0, 0, 0, 0, 0, 0, 198
.data:00403182                 dw 0, 0, 0, 0, 0, 0, 0, 0, 0, 0, 0, 0, 0, 0, 0, 0, 0, 0
.data:00403182                 dw 198, 0, 0, 0, 0, 0, 0, 0, 0, 0, 0, 0, 0, 0, 0, 0, 0
.data:00403182                 dw 0, 0, 198, 0, 0, 0, 0, 0, 0, 0, 0, 0, 0, 0, 0, 0, 0
.data:00403182                 dw 0, 0, 0, 0, 198, 0, 0, 0, 0, 0, 0, 0, 0, 0, 0, 0, 0
.data:00403182                 dw 0, 0, 0, 0, 0, 0, 198, 0, 0, 0, 0, 0, 0, 0, 0, 0, 0
.data:00403182                 dw 0, 0, 0, 0, 0, 0, 0, 0, 198, 0, 0, 0, 0, 0, 0, 0, 0
.data:00403182                 dw 0, 0, 0, 0, 0, 0, 0, 0, 0, 0, 198, 0, 0, 0, 0, 0, 0
.data:00403182                 dw 0, 0, 0, 0, 0, 0, 0, 0, 0, 0, 0, 0, 198, 0, 199, 200
.data:00403182                 dw 201, 202, 203, 204, 205, 206, 207, 208, 209, 210, 211
.data:00403182                 dw 0, 0, 0, 0, 0, 0, 0, 0, 0, 0, 0, 0, 0, 0, 0, 0, 0, 0
.data:00403182                 dw 0, 212, 213, 214, 215, 0, 0, 0, 0, 0, 0, 0, 0, 0, 0
.data:00403182                 dw 0, 0, 0, 0, 0, 216, 217, 218, 219, 0, 0, 0, 0, 0, 0
.data:00403182                 dw 0, 0, 0, 0, 0, 0, 0, 0, 0, 220, 221, 222, 223, 0, 0
.data:00403182                 dw 0, 0, 0, 0, 0, 0, 0, 0, 0, 0, 0, 0, 0, 224, 225, 226
.data:00403182                 dw 227, 0, 0, 0, 0, 0, 0, 0, 0, 0, 0, 0, 0, 0, 0, 0, 228
.data:00403182                 dw 229, 230, 231, 0, 0, 0, 0, 0, 0, 0, 0, 0, 0, 0, 0, 0
.data:00403182                 dw 0, 0, 232, 233, 234, 235, 0, 0, 0, 0, 0, 0, 0, 0, 0
.data:00403182                 dw 0, 0, 0, 0, 0, 0, 236, 237, 238, 239, 0, 0, 0, 0, 0
.data:00403182                 dw 0, 0, 0, 0, 0, 0, 0, 0, 0, 0, 240, 241, 242, 243, 0
.data:00403182                 dw 0, 0, 0, 0, 0, 0, 0, 0, 0, 0, 0, 0, 0, 0, 244, 245
.data:00403182                 dw 246, 247, 0, 0, 0, 0, 0, 0, 0, 0, 0, 0, 0, 0, 0, 0
.data:00403182                 dw 0, 248, 249, 250, 251, 0, 0, 0, 0, 0, 0, 0, 0, 0, 0
.data:00403182                 dw 0, 0, 0, 0, 0, 252, 253, 254, 255, 0, 0, 0, 0, 0, 0
.data:00403182                 dw 0, 0, 0, 0, 0, 0, 0, 0, 0, 256, 257, 258, 259, 0, 0
.data:00403182                 dw 0, 0, 0, 0, 0, 0, 0, 0, 0, 0, 0, 0, 0, 260, 261, 262
.data:00403182                 dw 263, 0, 0, 0, 0, 0
